000002
000012
000108
000140
000154
000155
000157
000158
000159
000160
000161
000162
000163
000164
000470
000472
000514
000565
000582
000635
000718
000731
000795
000842
000941
001002
001049
001151
001153
001187
001269
001472
001831
001853
002002
002012
002050
002253
002343
002606
002613
002956
005190
005471
006313
006922
007498
009563
010443
010862
011725
012489
013875
017543
017984
020490
021487
021743
021763
021834
022411
022575
022576
022692
022723
022828
022872
023012
023020
023025
025800
025872
025873
025894
025895
026026
026047
026048
026085
026086
026208
026209
026259
026260
026300
026301
026336
026337
026338
026339
026365
026366
026367
026368
026418
026419
026450
026451
026473
026474
026510
026511
026551
026552
026570
026571
026604
026605
026626
026627
026636
026637
026750
026751
026768
026769
026780
026781
026789
026790
026812
026813
026818
026819
026831
026832
026859
026866
026884
026885
026892
026893
026897
026898
026912
026913
026914
026915
026918
026919
026923
026924
026937
026938
026941
026942
026964
026965
026993
026994
026997
026998
027002
027003
027012
027013
027014
027015
027016
027017
027045
027046
027049
027050
027057
027058
027061
027062
027064
027065
027068
027069
027074
027075
027078
027079
027082
027083
027084
027085
027092
027093
027097
027098
027105
027108
027109
027110
027111
027113
027114
027115
027116
027117
027118
027137
027138
027139
027142
027143
027146
027155
027156
027157
027166
027167
027168
027169
027170
027171
027181
027191
027192
027211
027212
027225
027226
027233
027234
027243
027244
041001
041002
041004
041005
041007
041008
041009
041011
051001
051010
051014
051016
051106
051201
091001
091002
091003
091006
100017
100019
100021
100023
100027
100030
100033
100052
100059
100067
128001
128002
128005
128006
128008
128012
159001
159001
159003
159003
159005
159005
159010
159012
159013
159015
159016
159021
159027
159028
159029
159030
159032
159035
159038
159100
159100
159101
159101
159102
159102
159103
159103
159105
159105
159106
159106
159107
159107
159108
159108
159109
159109
159110
159110
159111
159111
159112
159112
159113
159113
159115
159115
159116
159116
159117
159117
159118
159118
159119
159119
159120
159120
159121
159121
159122
159122
159123
159123
159125
159125
159126
159126
159127
159127
159128
159128
159129
159129
159130
159130
159131
159131
159132
159132
159133
159133
159135
159135
159136
159136
159137
159137
159138
159138
159139
159139
159140
159140
159141
159141
159142
159142
159143
159143
159145
159145
159146
159146
159147
159147
159148
159148
159149
159149
159150
159150
159151
159151
159152
159152
159153
159153
159155
159155
159156
159156
159157
159157
159158
159158
159159
159159
159160
159162
159162
159163
159163
159165
159165
159166
159166
159167
159167
159168
159168
159169
159169
159170
159170
159171
159171
159172
159172
159175
159175
159181
159181
159182
159183
159183
159189
159189
159190
159191
159191
159192
159193
159200
159200
159201
159201
159202
159202
159203
159203
159205
159205
159206
159206
159207
159207
159208
159208
159209
159209
159210
159210
159211
159211
159212
159212
159213
159213
159215
159215
159216
159216
159217
159217
159218
159218
159219
159219
159220
159220
159221
159221
159222
159222
159223
159223
159225
159225
159226
159226
159227
159227
159228
159228
159229
159229
159230
159230
159231
159231
159232
159232
159233
159233
159235
159235
159236
159236
159237
159237
159238
159238
159239
159239
159240
159240
159241
159241
159242
159242
159243
159243
159245
159245
159246
159246
159247
159247
159248
159248
159249
159249
159251
159251
159253
159253
159255
159255
159256
159256
159257
159257
159258
159258
159259
159259
159260
159260
159261
159261
159262
159262
159263
159263
159265
159265
159266
159266
159267
159267
159268
159268
159269
159269
159270
159270
159271
159271
159272
159272
159273
159273
159275
159275
159276
159276
159277
159277
159278
159278
159279
159279
159280
159280
159281
159281
159283
159283
159285
159285
159286
159286
159287
159287
159288
159288
159289
159289
159290
159290
159291
159291
159292
159292
159293
159293
159295
159295
159296
159296
159297
159297
159298
159298
159299
159299
159300
159300
159301
159301
159302
159302
159303
159303
159305
159305
159306
159306
159307
159307
159309
159309
159310
159310
159311
159311
159312
159312
159315
159315
159316
159316
159318
159318
159320
159320
159321
159321
159322
159322
159323
159323
159325
159325
159326
159326
159327
159327
159328
159328
159329
159329
159330
159330
159331
159331
159332
159332
159333
159333
159335
159335
159336
159336
159337
159337
159338
159338
159339
159339
159350
159350
159351
159351
159352
159352
159353
159353
159355
159355
159356
159356
159357
159357
159358
159358
159359
159359
159360
159360
159361
159361
159362
159362
159363
159363
159365
159365
159366
159366
159367
159367
159368
159368
159369
159369
159370
159370
159371
159371
159372
159372
159373
159373
159375
159375
159376
159376
159377
159377
159378
159378
159379
159379
159380
159380
159381
159381
159382
159382
159383
159383
159385
159385
159386
159386
159387
159387
159388
159388
159389
159389
159390
159390
159391
159391
159392
159392
159393
159393
159395
159395
159396
159396
159397
159397
159398
159398
159399
159399
159400
159400
159500
159500
159501
159501
159502
159502
159505
159505
159506
159506
159507
159507
159508
159508
159509
159509
159510
159510
159511
159511
159512
159512
159513
159513
159515
159515
159516
159516
159517
159517
159518
159518
159519
159519
159520
159520
159521
159521
159523
159523
159525
159525
159526
159526
159527
159527
159528
159528
159529
159529
159530
159530
159531
159531
159532
159532
159533
159533
159535
159535
159536
159536
159537
159537
159538
159538
159539
159539
159540
159540
159541
159541
159542
159542
159543
159543
159545
159545
159546
159546
159547
159547
159549
159549
159550
159550
159551
159551
159552
159552
159553
159553
159555
159555
159556
159556
159557
159557
159558
159558
159559
159559
159560
159560
159561
159561
159562
159562
159563
159563
159565
159565
159566
159566
159567
159567
159568
159568
159569
159569
159570
159570
159571
159571
159572
159572
159573
159573
159575
159575
159576
159576
159577
159577
159578
159578
159581
159581
159582
159582
159583
159583
159586
159586
159587
159587
159588
159588
159589
159589
159590
159590
159591
159591
159592
159592
159593
159593
159595
159595
159596
159596
159597
159597
159599
159599
159600
159600
159601
159601
159602
159602
159603
159603
159605
159605
159606
159606
159607
159607
159608
159608
159609
159609
159610
159610
159611
159611
159612
159612
159613
159613
159615
159615
159616
159616
159617
159617
159618
159618
159619
159619
159620
159620
159621
159621
159622
159622
159623
159623
159625
159625
159627
159627
159628
159628
159629
159629
159630
159630
159631
159631
159632
159632
159633
159633
159635
159635
159636
159636
159637
159637
159638
159638
159639
159639
159640
159640
159641
159641
159642
159642
159643
159643
159645
159645
159647
159647
159649
159649
159650
159650
159651
159651
159652
159652
159653
159653
159655
159655
159656
159656
159657
159657
159658
159658
159659
159659
159660
159660
159661
159661
159662
159662
159663
159663
159665
159665
159666
159666
159667
159667
159669
159669
159670
159670
159671
159671
159672
159672
159673
159673
159675
159675
159676
159676
159677
159677
159678
159678
159679
159679
159680
159680
159681
159681
159682
159682
159685
159685
159686
159686
159687
159687
159688
159688
159689
159689
159690
159690
159691
159691
159692
159692
159695
159695
159696
159696
159697
159697
159698
159698
159699
159699
159700
159700
159701
159701
159703
159703
159706
159706
159707
159707
159708
159708
159709
159709
159711
159711
159712
159712
159713
159713
159715
159715
159716
159716
159717
159717
159718
159718
159719
159719
159720
159720
159721
159721
159723
159723
159725
159725
159726
159726
159728
159728
159729
159729
159730
159730
159731
159731
159732
159732
159735
159735
159736
159736
159738
159738
159739
159739
159740
159740
159741
159741
159742
159742
159743
159743
159745
159745
159747
159747
159748
159748
159750
159750
159751
159751
159752
159752
159755
159755
159757
159757
159758
159758
159760
159760
159761
159761
159763
159763
159766
159766
159767
159767
159768
159768
159770
159770
159773
159773
159775
159775
159776
159776
159777
159777
159778
159778
159779
159779
159780
159780
159781
159781
159782
159782
159783
159783
159786
159786
159787
159787
159788
159788
159790
159790
159791
159791
159792
159792
159793
159793
159795
159795
159796
159796
159797
159797
159798
159798
159800
159800
159801
159801
159804
159804
159805
159805
159806
159806
159807
159807
159808
159808
159810
159810
159811
159811
159812
159812
159813
159813
159814
159814
159816
159816
159819
159819
159820
159820
159821
159821
159822
159822
159824
159824
159825
159825
159827
159827
159828
159828
159830
159830
159831
159831
159834
159834
159835
159835
159836
159836
159837
159837
159838
159838
159839
159839
159840
159840
159841
159841
159842
159842
159843
159843
159845
159845
159847
159847
159848
159848
159849
159849
159850
159850
159851
159851
159852
159852
159855
159855
159856
159856
159857
159857
159858
159858
159859
159859
159861
159861
159862
159862
159863
159863
159864
159864
159865
159865
159866
159866
159867
159867
159869
159869
159870
159870
159871
159871
159872
159872
159873
159873
159875
159875
159876
159876
159877
159877
159880
159880
159881
159881
159883
159883
159885
159885
159886
159886
159887
159887
159888
159888
159889
159889
159890
159890
159891
159891
159892
159892
159895
159895
159896
159896
159898
159898
159899
159899
159901
159901
159902
159902
159903
159903
159905
159905
159906
159906
159907
159907
159908
159908
159909
159909
159910
159910
159912
159912
159913
159913
159915
159915
159916
159916
159918
159918
159919
159919
159920
159920
159922
159922
159923
159923
159925
159925
159928
159928
159929
159929
159930
159930
159931
159931
159933
159933
159934
159934
159935
159935
159936
159936
159937
159937
159938
159938
159939
159939
159940
159940
159941
159941
159943
159943
159944
159944
159945
159945
159948
159948
159949
159949
159952
159952
159954
159954
159956
159956
159957
159957
159958
159958
159959
159959
159960
159960
159961
159961
159964
159964
159965
159965
159966
159966
159967
159967
159968
159968
159969
159970
159970
159971
159971
159972
159972
159973
159973
159974
159974
159975
159975
159976
159976
159977
159977
159980
159980
159981
159981
159982
159982
159985
159985
159991
159991
159992
159992
159993
159993
159994
159994
159995
159995
159996
159996
159997
159997
159998
159998
160105
160105
160106
160106
160107
160119
160119
160120
160125
160125
160126
160127
160127
160128
160128
160133
160133
160135
160135
160140
160140
160142
160142
160143
160143
160211
160211
160212
160212
160215
160215
160216
160216
160218
160218
160219
160219
160220
160220
160221
160221
160222
160222
160223
160223
160225
160225
160311
160311
160314
160314
160322
160322
160323
160323
160324
160324
160325
160325
160326
160326
160416
160416
160421
160421
160505
160505
160512
160512
160513
160513
160515
160515
160518
160518
160526
160526
160527
160527
160529
160529
160607
160607
160610
160610
160611
160611
160613
160613
160615
160615
160616
160616
160617
160617
160618
160618
160620
160620
160621
160621
160622
160622
160625
160625
160626
160626
160628
160628
160629
160629
160630
160630
160631
160631
160632
160632
160633
160633
160635
160635
160637
160637
160638
160638
160639
160639
160641
160641
160642
160642
160643
160643
160644
160644
160706
160706
160716
160716
160717
160717
160719
160719
160722
160722
160723
160723
160726
160726
160805
160805
160806
160806
160807
160807
160812
160812
160813
160813
160910
160910
160916
160916
160918
160918
160919
160919
160921
160921
160924
160924
160925
160925
160926
160926
161005
161005
161006
161010
161010
161014
161014
161015
161015
161017
161017
161018
161019
161019
161020
161021
161024
161024
161025
161025
161026
161026
161027
161027
161028
161028
161029
161029
161030
161030
161031
161031
161032
161032
161033
161033
161035
161035
161036
161036
161037
161037
161038
161038
161039
161039
161040
161040
161115
161115
161116
161116
161117
161117
161118
161118
161119
161119
161121
161121
161122
161122
161123
161123
161124
161124
161125
161125
161126
161126
161127
161127
161128
161128
161129
161129
161130
161130
161131
161131
161132
161132
161133
161133
161212
161216
161216
161217
161217
161218
161219
161219
161220
161222
161222
161224
161224
161225
161225
161226
161226
161227
161227
161228
161229
161229
161232
161232
161233
161233
161505
161505
161602
161607
161607
161610
161610
161614
161614
161617
161626
161626
161631
161631
161653
161654
161655
161656
161657
161659
161660
161661
161662
161663
161706
161706
161707
161713
161713
161715
161715
161716
161716
161720
161720
161722
161722
161724
161724
161725
161725
161726
161726
161727
161727
161728
161728
161729
161729
161810
161810
161811
161811
161812
161812
161815
161815
161816
161816
161820
161820
161831
161831
161834
161834
161837
161837
161903
161903
161907
161908
161908
161912
161912
161914
161914
162006
162006
162105
162105
162108
162108
162207
162207
162215
162215
162216
162216
162307
162307
162411
162411
162412
162412
162414
162414
162415
162415
162509
162509
162605
162605
162606
162607
162607
162703
162703
162711
162711
162712
162712
162713
162715
162715
162719
162719
162720
162720
162721
162721
163001
163001
163003
163003
163005
163005
163109
163109
163110
163110
163111
163111
163113
163113
163114
163114
163115
163115
163116
163116
163118
163118
163208
163208
163302
163302
163402
163402
163403
163406
163406
163407
163407
163408
163409
163409
163410
163412
163412
163413
163415
163415
163416
163417
163417
163418
163418
163503
163503
163801
163801
163819
163819
163821
163821
163907
163907
164105
164105
164206
164206
164208
164208
164210
164210
164403
164403
164508
164508
164509
164509
164606
164606
164701
164701
164703
164703
164705
164705
164808
164808
164810
164810
164814
164814
164824
164824
164902
164902
164903
164906
164906
165309
165309
165311
165311
165313
165313
165508
165508
165509
165509
165511
165511
165512
165512
165513
165513
165515
165515
165516
165516
165517
165517
165519
165519
165520
165520
165521
165521
165522
165522
165525
165525
165528
165528
166001
166001
166006
166006
166008
166008
166009
166009
166011
166011
166016
166016
166023
166023
166024
166024
166025
166025
166027
166027
166105
166105
166107
166107
166401
166401
167001
167001
167002
167002
167003
167003
167301
167301
167302
167302
167501
167501
167506
167506
167508
167508
168002
168101
168101
168102
168102
168103
168103
168104
168104
168105
168105
168203
168203
168204
168204
168301
168301
168401
168401
168701
168701
169101
169101
169102
169103
169104
169104
169105
169105
169106
169106
169107
169201
169201
180011
180101
180101
180102
180102
180103
180103
180105
180105
180106
180106
180201
180201
180202
180202
180203
180203
180301
180301
180302
180302
180303
180303
180305
180305
180306
180306
180401
180401
180402
180402
180501
180501
180502
180502
180503
180601
180601
180602
180602
180603
180603
180605
180605
180606
180606
180607
180607
180701
180701
180801
180801
180901
180901
201001
201002
202004
202006
202008
202010
202012
202016
202018
202020
202022
202024
202026
202028
202106
202109
213907
213908
240015
257021
257031
257041
270011
270012
270015
270016
270017
270020
270036
370011
398002
398012
400004
400008
400012
485205
501001
501001
501005
501005
501007
501007
501008
501008
501009
501009
501010
501010
501011
501011
501012
501012
501015
501015
501016
501016
501017
501017
501018
501018
501019
501019
501021
501021
501022
501022
501023
501025
501025
501026
501026
501028
501028
501029
501029
501030
501030
501031
501031
501032
501032
501036
501036
501037
501037
501038
501038
501043
501043
501045
501045
501046
501046
501047
501047
501048
501048
501050
501050
501051
501051
501053
501053
501054
501057
501057
501058
501058
501059
501059
501060
501060
501061
501061
501062
501062
501064
501064
501065
501065
501066
501070
501070
501071
501071
501073
501073
501075
501075
501076
501076
501077
501077
501078
501078
501079
501079
501080
501080
501081
501081
501082
501082
501083
501083
501085
501085
501087
501087
501088
501088
501089
501089
501090
501090
501091
501091
501092
501092
501093
501093
501095
501095
501096
501096
501097
501097
501098
501098
501099
501099
501186
501186
501188
501188
501189
501189
501200
501200
501201
501201
501202
501202
501203
501203
501205
501205
501206
501206
501207
501207
501208
501208
501209
501209
501210
501210
501211
501211
501212
501212
501213
501213
501215
501215
501216
501216
501217
501217
501218
501218
501219
501219
501220
501220
501222
501222
501225
501225
501227
501227
501300
501300
501301
501301
501302
501302
501303
501303
501305
501305
501306
501306
501307
501307
501310
501310
501311
501311
501312
501312
502000
502000
502003
502003
502006
502006
502010
502010
502013
502013
502023
502023
502048
502048
502053
502053
502056
502056
506000
506000
506001
506001
506002
506002
506003
506003
506005
506005
506006
506006
506008
506008
508000
508000
508001
508001
508002
508002
508003
508003
508005
508005
508006
508006
508007
508007
508008
508008
508009
508009
508010
508010
508011
508011
508012
508012
508015
508015
508016
508016
508017
508017
508018
508018
508019
508019
508020
508021
508021
508022
508022
508026
508026
508027
508027
508028
508028
508029
508029
508031
508031
508033
508033
508036
508036
508039
508039
508048
508048
508050
508050
508055
508055
508056
508056
508058
508058
508060
508060
508066
508066
508068
508068
508069
508069
508077
508077
508078
508078
508080
508080
508082
508082
508084
508084
508085
508085
508086
508086
508087
508087
508088
508088
508089
508089
508090
508090
508091
508091
508092
508092
508093
508096
508096
508097
508097
508098
508098
508099
508099
510010
510010
510020
510020
510030
510030
510040
510040
510050
510050
510060
510060
510090
510090
510100
510100
510130
510130
510150
510150
510160
510160
510170
510170
510180
510180
510190
510190
510200
510200
510210
510210
510230
510230
510270
510270
510290
510290
510300
510300
510310
510310
510320
510320
510330
510330
510350
510350
510360
510360
510370
510370
510380
510380
510390
510390
510410
510410
510500
510500
510510
510510
510530
510530
510550
510550
510560
510560
510570
510570
510580
510580
510590
510590
510600
510600
510630
510630
510650
510650
510660
510660
510670
510670
510680
510680
510710
510710
510720
510720
510760
510760
510770
510770
510800
510800
510810
510810
510850
510850
510880
510880
510900
510900
510950
510950
510980
510980
510990
510990
511010
511010
511020
511020
511030
511030
511060
511060
511070
511070
511080
511081
511090
511090
511100
511100
511110
511110
511120
511120
511130
511130
511150
511150
511160
511160
511180
511180
511190
511190
511200
511200
511220
511220
511260
511260
511270
511270
511360
511360
511380
511380
511520
511520
511580
511580
511600
511600
511620
511620
511650
511650
511660
511660
511670
511670
511690
511690
511700
511700
511770
511770
511800
511800
511810
511810
511820
511820
511830
511830
511850
511850
511860
511860
511880
511880
511900
511900
511910
511910
511920
511920
511930
511930
511950
511950
511960
511960
511970
511970
511980
511980
511990
511990
512000
512000
512010
512010
512020
512020
512030
512030
512040
512040
512050
512050
512060
512060
512070
512070
512080
512080
512090
512090
512100
512100
512120
512120
512130
512130
512140
512150
512150
512160
512160
512170
512170
512180
512180
512190
512190
512200
512200
512220
512220
512240
512240
512250
512250
512260
512260
512290
512290
512330
512330
512360
512360
512370
512370
512380
512380
512390
512390
512400
512400
512430
512460
512460
512480
512480
512500
512500
512510
512510
512520
512520
512530
512530
512550
512550
512560
512560
512570
512570
512580
512580
512600
512600
512620
512620
512630
512630
512640
512640
512650
512650
512660
512660
512670
512670
512680
512680
512690
512690
512700
512700
512710
512710
512720
512720
512730
512730
512750
512750
512760
512760
512770
512770
512800
512800
512810
512810
512820
512820
512870
512870
512880
512880
512890
512890
512900
512900
512910
512910
512930
512930
512940
512940
512950
512950
512960
512960
512970
512970
512980
512980
512990
512990
513000
513000
513010
513010
513020
513020
513030
513030
513040
513040
513050
513050
513060
513060
513070
513070
513080
513080
513090
513090
513100
513100
513110
513110
513120
513120
513130
513130
513140
513140
513150
513150
513160
513160
513170
513170
513180
513180
513190
513190
513200
513200
513210
513210
513220
513220
513230
513230
513240
513260
513260
513280
513280
513290
513290
513300
513300
513310
513310
513320
513320
513330
513330
513350
513350
513360
513360
513380
513380
513390
513390
513400
513400
513500
513500
513520
513520
513530
513530
513550
513550
513560
513560
513580
513580
513590
513590
513600
513600
513620
513630
513630
513650
513650
513660
513660
513690
513690
513700
513700
513720
513720
513730
513730
513750
513750
513770
513770
513780
513780
513800
513800
513810
513810
513820
513820
513830
513830
513850
513850
513860
513860
513870
513870
513880
513880
513890
513890
513900
513900
513910
513910
513920
513920
513930
513930
513950
513950
513970
513970
513980
513980
513990
513990
515000
515000
515010
515010
515020
515020
515030
515030
515050
515050
515060
515060
515070
515070
515080
515080
515090
515090
515100
515100
515110
515110
515120
515120
515130
515130
515150
515150
515160
515160
515170
515170
515180
515180
515190
515190
515200
515200
515210
515210
515220
515220
515230
515230
515250
515250
515260
515260
515290
515290
515293
515300
515300
515310
515310
515320
515320
515330
515330
515350
515350
515360
515360
515370
515370
515380
515380
515390
515390
515400
515400
515450
515450
515460
515460
515530
515530
515550
515550
515560
515560
515580
515580
515590
515590
515600
515600
515630
515630
515640
515650
515650
515660
515660
515680
515680
515700
515700
515710
515710
515720
515720
515730
515730
515750
515750
515760
515760
515770
515770
515790
515790
515800
515800
515810
515810
515850
515850
515860
515860
515880
515880
515890
515890
515900
515900
515910
515910
515920
515920
515950
515950
515960
515960
515970
515970
515980
515980
515990
515990
516000
516000
516010
516010
516020
516020
516050
516050
516060
516060
516070
516070
516080
516080
516090
516090
516100
516100
516110
516110
516120
516120
516130
516130
516150
516150
516160
516160
516163
516180
516180
516190
516190
516200
516200
516210
516210
516220
516220
516230
516230
516250
516250
516260
516260
516270
516270
516290
516290
516300
516300
516310
516310
516320
516320
516330
516330
516350
516350
516360
516360
516380
516380
516390
516390
516460
516460
516500
516500
516510
516510
516520
516520
516530
516530
516550
516550
516560
516560
516570
516570
516580
516580
516590
516590
516600
516600
516610
516610
516620
516620
516630
516630
516640
516640
516650
516650
516660
516660
516670
516670
516700
516700
516710
516710
516720
516720
516730
516730
516750
516750
516760
516760
516770
516770
516780
516780
516790
516790
516800
516800
516810
516810
516820
516820
516830
516830
516840
516850
516850
516860
516860
516880
516880
516890
516890
516900
516900
516910
516910
516920
516920
516930
516930
516950
516950
516960
516960
516970
516970
516980
516980
517000
517000
517010
517010
517030
517030
517050
517050
517080
517080
517090
517090
517100
517100
517110
517110
517120
517120
517160
517160
517170
517170
517180
517180
517200
517200
517300
517300
517330
517330
517350
517350
517360
517360
517380
517380
517390
517390
517400
517400
517520
517520
517550
517550
517660
517660
517770
517770
517800
517800
517850
517850
517880
517880
517900
517900
517950
517950
517990
517990
518600
518600
518660
518660
518680
518680
518800
518800
518850
518850
518860
518860
518880
518880
518890
518890
519009
519010
519036
519067
519070
519071
519088
519182
519301
519684
519687
519689
519691
519693
519695
519699
519701
519703
519705
519707
519713
519715
519719
519724
519728
519734
519737
519739
519990
519992
519995
519997
520500
520500
520510
520510
520520
520520
520530
520530
520550
520550
520560
520560
520570
520570
520580
520580
520590
520590
520600
520600
520610
520610
520620
520620
520630
520630
520650
520650
520660
520660
520670
520670
520680
520680
520690
520690
520700
520700
520720
520720
520730
520760
520760
520770
520770
520780
520780
520790
520810
520810
520820
520820
520830
520830
520840
520840
520850
520850
520860
520860
520870
520870
520880
520880
520890
520890
520900
520900
520910
520910
520920
520920
520930
520930
520940
520940
520950
520950
520960
520960
520970
520970
520980
520980
520990
520990
526000
526010
526050
530000
530000
530050
530050
530060
530060
530080
530080
530100
530100
530180
530180
530280
530280
530300
530300
530380
530380
530530
530530
530580
530580
530680
530680
530800
530800
530880
530880
541001
541002
541004
551000
551000
551001
551030
551030
551060
551060
551300
551300
551500
551500
551510
551510
551520
551520
551550
551550
551560
551560
551580
551580
551800
551800
551900
551900
560000
560000
560010
560010
560020
560020
560030
560030
560050
560050
560060
560060
560070
560070
560080
560080
560090
560090
560100
560100
560110
560110
560120
560120
560130
560130
560150
560150
560160
560160
560170
560170
560180
560180
560190
560190
560210
560210
560220
560220
560230
560230
560250
560260
560260
560270
560270
560280
560280
560290
560290
560300
560300
560310
560310
560320
560330
560330
560350
560350
560360
560360
560370
560370
560380
560380
560390
560390
560400
560400
560410
560420
560450
560460
560470
560490
560500
560500
560510
560510
560520
560520
560530
560530
560550
560550
560560
560560
560570
560570
560580
560580
560590
560590
560610
560610
560620
560620
560630
560630
560650
560650
560660
560660
560680
560680
560690
560690
560700
560700
560710
560710
560750
560750
560770
560770
560780
560780
560790
560800
560800
560810
560810
560820
560820
560850
560850
560860
560860
560880
560880
560890
560890
560900
560900
560950
560950
560980
560980
560990
560990
561000
561000
561010
561010
561060
561060
561080
561080
561090
561090
561100
561100
561120
561120
561130
561130
561160
561160
561170
561170
561180
561180
561190
561190
561200
561200
561220
561220
561230
561230
561260
561260
561280
561280
561300
561300
561310
561310
561320
561320
561330
561330
561350
561350
561360
561360
561370
561370
561380
561380
561500
561500
561510
561510
561550
561550
561560
561560
561570
561570
561580
561580
561590
561590
561600
561600
561660
561660
561680
561680
561700
561700
561750
561750
561760
561760
561770
561770
561780
561780
561790
561790
561800
561800
561870
561870
561880
561880
561900
561900
561910
561910
561920
561920
561930
561930
561950
561950
561960
561960
561980
561980
561990
561990
562000
562000
562010
562010
562030
562030
562050
562050
562060
562060
562070
562070
562080
562080
562300
562300
562310
562310
562320
562320
562330
562330
562340
562340
562350
562350
562360
562360
562380
562380
562390
562390
562500
562500
562510
562510
562520
562520
562530
562530
562550
562550
562560
562560
562570
562570
562580
562580
562590
562590
562600
562600
562660
562660
562700
562700
562800
562800
562810
562810
562820
562820
562850
562850
562860
562860
562870
562870
562880
562880
562890
562890
562900
562900
562910
562910
562920
562920
562930
562930
562950
562950
562960
562960
562970
562970
562990
562990
563000
563000
563010
563010
563020
563020
563030
563030
563050
563050
563060
563060
563080
563080
563090
563090
563150
563150
563180
563180
563200
563200
563210
563210
563220
563220
563230
563230
563280
563280
563300
563300
563320
563320
563330
563330
563350
563350
563360
563360
563380
563380
563390
563390
563500
563500
563510
563510
563520
563520
563530
563530
563550
563550
563560
563560
563570
563570
563580
563580
563590
563590
563600
563600
563620
563620
563630
563630
563650
563650
563660
563660
563670
563670
563680
563680
563690
563690
563700
563700
563750
563750
563760
563760
563770
563770
563780
563780
563790
563790
563800
563800
563830
563830
563850
563850
563860
563860
563870
563870
563880
563880
563890
563890
563900
563900
563930
563930
563960
563960
563980
563980
563990
563990
581002
588000
588000
588010
588010
588020
588020
588030
588030
588040
588040
588050
588050
588060
588060
588070
588070
588080
588080
588090
588090
588100
588100
588110
588110
588120
588120
588130
588130
588140
588140
588150
588150
588160
588160
588170
588170
588180
588180
588190
588190
588200
588200
588210
588210
588220
588220
588230
588230
588240
588240
588250
588250
588260
588260
588270
588270
588280
588280
588290
588290
588300
588300
588310
588310
588320
588320
588330
588330
588350
588350
588360
588360
588370
588370
588380
588380
588390
588390
588400
588400
588410
588410
588420
588420
588430
588430
588450
588450
588460
588460
588480
588500
588500
588520
588520
588550
588550
588660
588660
588670
588670
588680
588680
588690
588690
588700
588700
588710
588710
588720
588720
588730
588730
588750
588750
588760
588760
588770
588770
588780
588780
588790
588790
588800
588800
588810
588810
588820
588820
588830
588830
588840
588840
588850
588850
588860
588860
588870
588870
588880
588880
588890
588890
588900
588900
588910
588910
588920
588920
588930
588930
588940
588940
588950
588950
588960
588960
588980
588980
588990
588990
589000
589000
589010
589010
589020
589020
589030
589030
589050
589050
589060
589060
589070
589070
589080
589080
589090
589090
589100
589100
589110
589110
589120
589120
589130
589130
589150
589150
589160
589160
589170
589170
589180
589180
589190
589190
589200
589200
589210
589210
589220
589220
589230
589230
589270
589280
589300
589300
589380
589380
589500
589500
589520
589520
589550
589550
589560
589560
589580
589580
589600
589600
589630
589630
589660
589660
589680
589680
589700
589700
589720
589720
589770
589770
589780
589780
589800
589800
589820
589820
589850
589850
589860
589860
589880
589880
589890
589890
589900
589900
589950
589950
589960
589960
589980
589980
589990
589990
872018
872025
960034
960035
960036
968000
968001
968003
968004
968007
968008
968009
968010
968011
968012
968013
968014
968015
968016
968018
968019
968021
968022
968024
968029
968030
968031
968032
968033
968034
968035
968036
968037
968038
968039
968040
968041
968042
968043
968044
968045
968046
968047
968048
968049
968050
968051
968052
968053
968054
968055
968056
968057
968058
968059
968060
968061
968062
968063
968064
968065
968066
968067
968068
968072
968073
968074
968075
968076
968077
968078
968079
968080
968081
968082
968083
968084
968085
968086
968087
968090
968091
968092
968093
968094
968095
968096
968097
968098
968101
968102
968103
968104
968105
968106
968107
968108
968109
968112
968113
968114
968115
968116
968117
968118
968119
968120
968121
968122
968123
968124
968125
968126
968127
968130
968132
968148
968149
968150
968151
968152
968153
968154
968155
968156
968157
968158
968159
968160
968162
968163
968164
968165
968166
968167
968168
968169
968170
968171
968172
968173
968174
968175
968176
968177
968178
968179
968180
968181
968182
968183
968184
968185
968186
968187
968188
968189
968190
968195
F000355
F050026
F202003
F202017
F202108
F450004
F450005
